<?xml version='1.0' encoding='utf-8'?>
<!-- FreeCAD DocumentObject -->
<Document SchemaVersion="4" FileVersion="2">
<Object name="InvoluteGear" Extensions="True">
  <Extensions Count="1">
    <Extension type="Part::AttachExtension" name="AttachExtension">
    </Extension>
  </Extensions>
  <Properties Count="23" TransientCount="1">
    <_Property name="_ElementMapVersion" type="App::PropertyString" status="234881024"/>
    <Property name="AttacherType" type="App::PropertyString" status="8">
      <String value="Attacher::AttachEnginePlane"/>
    </Property>
    <Property name="AttachmentOffset" type="App::PropertyPlacement">
      <PropertyPlacement Px="0" Py="0" Pz="0" Q0="0" Q1="0" Q2="0.1045284632676537" Q3="-0.9945218953682733" A="-0.2094395102393195" Ox="0" Oy="0" Oz="1"/>
    </Property>
    <Property name="AttachmentSupport" type="App::PropertyLinkSubList">
      <LinkSubList count="1">
        <Link obj="Export" sub="Edge1" shadow=";g11;SKE;:H23:4,E.Edge1"/>
      </LinkSubList>
    </Property>
    <Property name="ColoredElements" type="App::PropertyLinkSubHidden" status="218103808">
      <LinkSub value="" count="0">
      </LinkSub>
    </Property>
    <Property name="ExpressionEngine" type="App::PropertyExpressionEngine" status="67108864">
      <ExpressionEngine count="3" cdata="1">
        <Expressions><![CDATA[
0:.AttachmentOffset.Rotation.Angle
0:Spreadsheet.gearRotate
0:

0:Modules
0:Spreadsheet.gearMode
0:

0:NumberOfTeeth
0:Spreadsheet.gearTeeth
0:

]]>
        </Expressions>
      </ExpressionEngine>
    </Property>
    <Property name="ExternalGear" type="App::PropertyBool" group="Gear" attr="0" ro="0" hide="0" docID="1" status="2097152">
      <Bool value="true"/>
    </Property>
    <Property name="HighPrecision" type="App::PropertyBool" group="Gear" attr="0" ro="0" hide="0" docID="2" status="2097152">
      <Bool value="true"/>
    </Property>
    <Property name="Label" type="App::PropertyString" status="134217728">
      <String value="InvoluteGear"/>
    </Property>
    <Property name="Label2" type="App::PropertyString" status="128">
      <String value=""/>
    </Property>
    <Property name="MapMode" type="App::PropertyEnumeration">
      <Integer value="11"/>
    </Property>
    <Property name="MapPathParameter" type="App::PropertyFloat">
      <Float value="0"/>
    </Property>
    <Property name="MapReversed" type="App::PropertyBool">
      <Bool value="false"/>
    </Property>
    <Property name="Modules" type="App::PropertyLength" group="Gear" attr="0" ro="0" hide="0" docID="3" status="2097152">
      <Float value="8"/>
    </Property>
    <Property name="NumberOfTeeth" type="App::PropertyInteger" group="Gear" attr="0" ro="0" hide="0" docID="4" status="2097152">
      <Integer value="9"/>
    </Property>
    <Property name="Placement" type="App::PropertyPlacement" status="8388612">
      <PropertyPlacement Px="75.00000000000001" Py="34.99999999999999" Pz="0" Q0="0" Q1="0" Q2="-0.6293203910498371" Q3="-0.7771459614569712" A="4.92182849062401" Ox="0" Oy="0" Oz="-1"/>
    </Property>
    <Property name="PressureAngle" type="App::PropertyAngle" group="Gear" attr="0" ro="0" hide="0" docID="5" status="2097152">
      <Float value="10"/>
    </Property>
    <Property name="Proxy" type="App::PropertyPythonObject">
      <Python  module="InvoluteGearFeature" class="_InvoluteGear" cdata="1">
<![CDATA[
{
  "Type": "InvoluteGear"
}
]]>
      </Python>
    </Property>
    <Property name="Shape" type="Part::PropertyPartShape">
      <Part ElementMap="0.15.70200.4" brep="1">
<![CDATA[

CASCADE Topology V1, (c) Matra-Datavision
Locations 8
1
0.20791169081776 -0.978147600733805              -0              75 
0.978147600733805 0.20791169081776               0              35 
              0              -0               1               0 
1
0.20791169081776 -0.978147600733805               0              75 
0.978147600733805 0.20791169081776               0              35 
              0               0               1               0 
1
              1               0               0               0 
              0               1               0               0 
              0               0               1               0 
2  2 -1 3 -1 0
1
              1               0               0               0 
              0               1               0               0 
              0               0               1               0 
2  5 1 2 -1 3 -1 0
1
              1               0               0               0 
              0               1               0               0 
              0               0               1              10 
2  7 -1 5 1 2 -1 3 -1 0
Curve2ds 234
1 10.853269179293108 26.724643086892769 0.37556162253538905 0.92679742537330456 
1 0 0 1 0 
1 0 -10 1 0 
6 0 3 13.372807597966343 32.942269115322887  13.452444632591806 33.189918226656246  13.654467663405185 33.942531653181973  13.676602478257678 35.285500438980947  
1 0 0 1 0 
1 0 -10 1 0 
6 0 3 13.676602478257678 35.285500438980947  13.694092015146367 36.886304084367168  13.437580980636426 39.23484097360344  12.351980377947939 42.239591780356122  
1 0 0 1 0 
1 0 -10 1 0 
2 0.0017875442968176001 0.0084097347207787703 0.28068620076480111 0.95979959194626763 -0.95979959194626763 0.28068620076480111 43.999999999999552
1 0 0 1 0 
1 0 -10 1 0 
6 0 3 5.8962941984694339 43.611790237886765  3.6824064426514127 41.308367331888491  2.4928359417720003 39.267204561709079  1.8577079278050235 37.797684027365719  
1 0 0 1 0 
1 0 -10 1 0 
6 0 3 1.8577079278050235 37.797684027365719  1.3316944716778352 36.561817953055069  1.2101362351777425 35.79210120651463  1.1821603182155229 35.533471185638746  
1 1.1821603182155229 35.533471185638746 -0.033869859275544152 -0.99942625172278465 
1 0 0 1 0 
1 0 -10 1 0 
2 -2.0434199088466727 28.927879502361208 0.99945225536424886 -0.033093643608955253 -0.033093643608955253 -0.99945225536424886 3.0000000000000084
1 0 0 1 0 
1 0 -10 1 0 
2 -1.421e-14 2.3447999999999998e-13 -0.069912002021487119 0.99755316247974857 -0.99755316247974857 -0.069912002021487119 25.999999999999744
1 0 0 1 0 
1 0 -10 1 0 
2 -6.0093429283314777 28.370505370837378 0.20253469429623747 -0.97927508781053429 -0.97927508781053429 -0.20253469429623747 3.0000000000000027
1 -8.8641829050777545 27.448611284094611 -0.30803700772736331 0.95137437524371682 
1 0 0 1 0 
1 0 -10 1 0 
6 0 3 -10.930717472967757 33.831117230217799  -11.028897745441412 34.072017154927494  -11.357909710759237 34.778410389212425  -12.204197154549362 35.821412149585839  
1 0 0 1 0 
1 0 -10 1 0 
6 0 3 -12.204197154549362 35.821412149585839  -13.219776140798366 37.058940944269764  -14.925885406676265 38.693142462998281  -17.688920304588635 40.297104504992049  
1 0 0 1 0 
1 0 -10 1 0 
2 -0.0040363349027643398 0.0075912418746639796 -0.40192918112920745 0.91567075597990177 -0.91567075597990177 -0.40192918112920745 44.000000000001869
1 0 0 1 0 
1 0 -10 1 0 
6 0 3 -23.516294995429817 37.198634420046403  -23.731619704619497 34.011050484076904  -23.330849438491654 31.682787907665727  -22.872796132604392 30.14881745033999  
1 0 0 1 0 
1 0 -10 1 0 
6 0 3 -22.872796132604392 30.14881745033999  -22.48134641787761 28.863974179548094  -22.079701041819426 28.196200814807554  -21.9348876646375 27.980096151698902  
1 -21.9348876646375 27.980096151698902 0.61647299391561428 -0.78737605232361441 
1 0 0 1 0 
1 0 -10 1 0 
2 -20.159832984753677 20.846556345205727 0.78689703045572967 0.61708432443220806 0.61708432443220806 -0.78689703045572967 2.9999999999999987
1 0 0 1 0 
1 0 -10 1 0 
2 -3.6948000000000001e-13 2.9843000000000002e-13 -0.69477051350148722 0.71923148816558347 -0.71923148816558347 -0.69477051350148722 25.999999999999496
1 0 0 1 0 
1 0 -10 1 0 
2 -22.839633089964344 17.870336811118193 0.78461647002374191 -0.61998144727683802 -0.61998144727683802 -0.78461647002374191 3.0000000000000049
1 -24.433985293743206 15.329069204134328 -0.84750169862447799 0.53079268158917237 
1 0 0 1 0 
1 0 -10 1 0 
6 0 3 -30.119638356907267 18.890009602107213  -30.349696295837433 19.011440588117139  -31.055794902153565 19.341084385153039  -32.374517304199635 19.596087004748824  
1 0 0 1 0 
1 0 -10 1 0 
6 0 3 -32.374517304199635 19.596087004748824  -33.947964119017243 19.891287472097289  -36.305364129466412 20.046492567578156  -39.452978586157116 19.49915417931166  
1 0 0 1 0 
1 0 -10 1 0 
2 -0.0079715681427075004 0.0032207225906972798 -0.89647743222757759 0.44308939674364711 -0.44308939674364711 -0.89647743222757759 44.000000000001116
1 0 0 1 0 
1 0 -10 1 0 
6 0 3 -41.925348406460706 13.379824140295028  -40.041357244524619 10.79958512404378  -38.237771072976123 9.2736426766598825  -36.900864679754712 8.3929841215171024  
1 0 0 1 0 
1 0 -10 1 0 
6 0 3 -36.900864679754712 8.3929841215171024  -35.775115466173602 7.6603561000898708  -35.038200812805904 7.4069846959856136  -34.788357930084658 7.3345231642485373  
1 -34.788357930084658 7.3345231642485373 0.97836128191949534 -0.20690384733214071 
1 0 0 1 0 
1 0 -10 1 0 
2 -28.843236155507796 3.010897790461847 0.20614393961062472 0.97852167894319597 0.97852167894319597 -0.20614393961062472 2.9999999999999987
1 0 0 1 0 
1 0 -10 1 0 
2 1.8616199999999999e-12 -7.8160000000000005e-14 -0.99453818019998186 0.10437340717112052 -0.10437340717112052 -0.99453818019998186 26.000000000001833
1 0 0 1 0 
1 0 -10 1 0 
2 -28.983005094555566 -0.9915609491941737 0.99956747938639556 0.029408402763967969 0.029408402763967969 -0.99956747938639556 3.0000000000000058
1 -28.570854409967865 -3.9631147200679067 -0.99041092580298884 -0.13815280688450263 
1 0 0 1 0 
1 0 -10 1 0 
6 0 3 -35.215245711156321 -4.8899434579010688  -35.469534650108379 -4.944800318500036  -36.222328512115602 -5.146149954928994  -37.396441004533294 -5.7984650358581398  
1 0 0 1 0 
1 0 -10 1 0 
6 0 3 -37.396441004533294 -5.7984650358581398  -38.791522396352846 -6.5837204753052276  -40.69715948690137 -7.9801339921600061  -42.756549716246738 -10.42266709582826  
1 0 0 1 0 
1 0 -10 1 0 
2 -0.0081768160554958093 -0.00265680858892381 -0.97155392954980635 -0.2368184156190771 0.2368184156190771 -0.97155392954980635 43.999999999999751
1 0 0 1 0 
1 0 -10 1 0 
6 0 3 -40.717065349762834 -16.699554554882084  -37.615298719600347 -17.465126139548669  -35.252814656926262 -17.474743027813119  -33.662608535818549 -17.290019755391995  
1 0 0 1 0 
1 0 -10 1 0 
6 0 3 -33.662608535818549 -17.290019755391995  -32.32931039172658 -17.127627733975274  -31.601937017254201 -16.848041881553378  -31.36396889051327 -16.742954725898876  
1 -31.36396889051327 -16.742954725898876 0.88246345283876493 0.47038096730616669 
1 0 0 1 0 
1 0 -10 1 0 
2 -24.030568572236611 -16.233593302840745 -0.47106619161297947 0.88209786481956975 0.88209786481956975 0.47106619161297947 3.0000000000000111
1 0 0 1 0 
1 0 -10 1 0 
2 1.5205599999999999e-12 1.19371e-12 -0.82895037932222082 -0.55932215101991645 0.55932215101991645 -0.82895037932222082 26.000000000001933
1 0 0 1 0 
1 0 -10 1 0 
2 -21.564906905182276 -19.389496321406149 0.74680975618903944 0.66503773431352575 0.66503773431352575 -0.74680975618903944 2.9999999999999929
1 -19.339103218091253 -21.400913221636422 -0.66989587360692626 -0.74245506161949848 
1 0 0 1 0 
1 0 -10 1 0 
6 0 3 -23.833248223294177 -26.381837628289457  -23.992783541625698 -26.587314200756975  -24.440032044918986 -27.225443538013721  -24.920154343699203 -28.479850843426469  
1 0 0 1 0 
1 0 -10 1 0 
6 0 3 -24.920154343699203 -28.479850843426469  -25.484096224685715 -29.97813244240972  -26.046301621868764 -32.272767167656255  -26.05385604798515 -35.467606601788198  
1 0 0 1 0 
1 0 -10 1 0 
2 -0.0045560408587874699 -0.0072911895020340003 -0.59202954561649401 -0.80591625937012068 0.80591625937012068 -0.59202954561649401 44.000000000001059
1 0 0 1 0 
1 0 -10 1 0 
6 0 3 -20.456814896135505 -38.965026078954324  -17.588623876295884 -37.557710779190337  -15.772674471507116 -36.046502259436586  -14.673243739751811 -34.8828312315879  
1 0 0 1 0 
1 0 -10 1 0 
6 0 3 -14.673243739751811 -34.8828312315879  -13.756261684727946 -33.901404198934394  -13.378775674921123 -33.219682417585183  -13.264030235383714 -32.986218022583486  
1 -13.264030235383714 -32.986218022583486 0.37365116668594867 0.92756929963977863 
1 0 0 1 0 
1 0 -10 1 0 
2 -7.9737308839950032 -27.882205673451057 -0.92785921646331526 0.37293065632109501 0.37293065632109501 0.92785921646331526 2.9999999999999947
1 0 0 1 0 
1 0 -10 1 0 
2 -8.5269999999999999e-14 -4.5474999999999996e-13 -0.27548748320233762 -0.96130465857543934 0.96130465857543934 -0.27548748320233762 25.999999999999556
1 0 0 1 0 
1 0 -10 1 0 
2 -4.0563491076303819 -28.714870874583941 0.14461144820491437 0.98948851890665079 0.98948851890665079 -0.14461144820491437 3.0000000000000075
1 -1.0583707002784308 -28.824986582144199 -0.035929097086848938 -0.99935434155384739 
1 0 0 1 0 
1 0 -10 1 0 
6 0 3 -1.2994090147031869 -35.529376770935535  -1.2895423639293 -35.789328283396308  -1.2219729632042799 -36.565649512560817  -0.78345050878277789 -37.83519792307024  
1 0 0 1 0 
1 0 -10 1 0 
6 0 3 -0.78345050878277789 -37.83519792307024  -0.25237820530678334 -39.345443069880233  0.79191024443458957 -41.464613913551339  2.8397264214851532 -43.916858800231402  
1 0 0 1 0 
1 0 -10 1 0 
2 0.0011965564891625001 -0.0085139418139661398 0.064512042386269286 -0.9979169286003482 0.9979169286003482 0.064512042386269286 44.000000000002132
1 0 0 1 0 
1 0 -10 1 0 
6 0 3 9.3754065995665741 -42.998328852655973  10.667963554507878 -40.076625137788334  11.087675392881081 -37.751702471621059  11.181894877084133 -36.153578295038109  
1 0 0 1 0 
1 0 -10 1 0 
6 0 3 11.181894877084133 -36.153578295038109  11.253494748373882 -34.812336867072894  11.104463494236853 -34.047464354783322  11.042295580157671 -33.794863305523457  
1 11.042295580157671 -33.794863305523457 -0.30999665302937623 0.95073764788746251 
1 0 0 1 0 
1 0 -10 1 0 
2 11.814104103015524 -26.484424133254528 -0.95049660192392105 -0.31073495093259001 -0.31073495093259001 0.95049660192392105 3
1 0 0 1 0 
1 0 -10 1 0 
2 -3.979e-13 7.4606999999999997e-13 0.40687906801026108 -0.91348203267229156 0.91348203267229156 0.40687906801026108 26.000000000000874
1 0 0 1 0 
1 0 -10 1 0 
2 15.350219518680547 -24.60423821530188 -0.5252521635715196 0.85094662856341208 0.85094662856341208 0.5252521635715196 2.9999999999999987
1 17.7175852306748 -22.761528366824919 0.61484930326759801 -0.78864461848880285 
1 0 0 1 0 
1 0 -10 1 0 
6 0 3 21.842438113190013 -28.052325657421889  22.017090017516608 -28.245117908156281  22.567860848710453 -28.796381698253057  23.719838526275637 -29.487035403122867  
1 0 0 1 0 
1 0 -10 1 0 
6 0 3 23.719838526275637 -29.487035403122867  25.097430381206507 -30.302583609062001  27.259578506264972 -31.254706981443505  30.404569338298813 -31.816924684527933  
1 0 0 1 0 
1 0 -10 1 0 
2 0.0063892717587350498 -0.0057529261317341698 0.6908677287850058 -0.72298117632719028 0.72298117632719028 0.6908677287850058 43.999999999999751
1 0 0 1 0 
1 0 -10 1 0 
6 0 3 34.820771151293428 -26.912235683004749  33.932892276948962 -23.843241192339892  32.75997871515429 -21.792461533896038  31.80490060801354 -20.507664271973802  
1 0 0 1 0 
1 0 -10 1 0 
6 0 3 31.80490060801354 -20.507664271973802  30.997615920048773 -19.434190219079881  30.391800782076501 -18.94405932496133  30.181808572297783 -18.790516459739941  
1 30.181808572297783 -18.790516459739941 -0.84859359356322028 0.52904528441661802 
1 0 0 1 0 
1 0 -10 1 0 
2 26.073988481083319 -12.694286199520533 -0.52838606375126762 -0.84900422121061425 -0.84900422121061425 0.52838606375126762 3.0000000000000049
1 0 0 1 0 
1 0 -10 1 0 
2 -1.7053e-12 6.6079999999999997e-13 0.89886238134371377 -0.43823101145983279 0.43823101145983279 0.89886238134371377 26.000000000001833
1 0 0 1 0 
1 0 -10 1 0 
2 27.574249833513804 -8.9810090494313037 -0.94934445048527771 0.31423735349701221 0.31423735349701221 0.94934445048527771 3.0000000000000075
1 28.20328612316905 -6.0476980624582559 0.97793288133428957 -0.20891931362421792 
1 0 0 1 0 
1 0 -10 1 0 
6 0 3 34.763965696261963 -7.4492796019284135  35.021681287067153 -7.4847029541706007  35.797941755678252 -7.5529668511987751  37.124351498248586 -7.341561306159452  
1 0 0 1 0 
1 0 -10 1 0 
6 0 3 37.124351498248586 -7.341561306159452  38.703872365484116 -7.0808085018601226  40.972187028545065 -6.4203752953421045  43.742776352573827 -4.8294979032039294  
1 0 0 1 0 
1 0 -10 1 0 
2 0.0085923757582833105 -0.00030005237325526001 0.99395872674570074 -0.10975449660977624 0.10975449660977624 0.99395872674570074 44.000000000004725
1 0 0 1 0 
1 0 -10 1 0 
6 0 3 43.973109891565372 1.7663916589078354  41.320243580915417 3.5466602951133552  39.103523909998813 4.3637143517707813  37.546039872356261 4.734013781247846  
1 0 0 1 0 
1 0 -10 1 0 
6 0 3 37.546039872356261 4.734013781247846  36.237608102605606 5.0374300193862211  35.458476716740591 5.0234816027775508  35.198917900021243 5.0061218708845132  
1 35.198917900021243 5.0061218708845132 -0.99012416060156261 -0.1401932473161637 
1 0 0 1 0 
1 0 -10 1 0 
2 28.133563868748723 7.0356493282452561 0.14096218600758437 -0.99001498075330319 -0.99001498075330319 -0.14096218600758437 3.0000000000000013
1 0 0 1 0 
1 0 -10 1 0 
2 -1.69109e-12 -5.8974999999999999e-13 0.97025799670382407 0.2420731704098624 -0.2420731704098624 0.97025799670382407 26.000000000001787
1 0 0 1 0 
1 0 -10 1 0 
2 26.895982197594748 10.844534063465673 -0.9292279182286548 -0.369507071629814 -0.369507071629814 0.9292279182286548 2.9999999999999942
1 25.492355994021679 13.495917378009807 0.88343079571132721 0.46856165996467469 
1 0 0 1 0 
1 0 -10 1 0 
6 0 3 31.419047371610503 16.639367168828251  31.639238659766775 16.777887695279098  32.277767865357887 17.224565127407701  33.157967812982463 18.239110918321344  
1 0 0 1 0 
1 0 -10 1 0 
6 0 3 33.157967812982463 18.239110918321344  34.200342324324069 19.454155597782865  35.513453885031879 21.418121345973113  36.613252164672005 24.417704620919665  
1 0 0 1 0 
1 0 -10 1 0 
2 0.0067750116520954896 0.0052932192231622804 0.83196538984130797 0.55482753185670286 -0.55482753185670286 0.83196538984130797 44.000000000002849
1 0 0 1 0 
1 0 -10 1 0 
6 0 3 32.549941806894182 29.61850471236086  29.373393690016798 29.277040013744482  27.150095680095092 28.478059794961098  25.718969802670642 27.760594173520929  
1 0 0 1 0 
1 0 -10 1 0 
6 0 3 25.718969802670642 27.760594173520929  24.521620717799777 27.151980766982945  23.933737318569101 26.640479658797638  23.74606234992703 26.460340141274848  
1 23.74606234992703 26.460340141274848 -0.66836462889011872 -0.74383380055532167 
1 0 0 1 0 
1 0 -10 1 0 
2 17.029132052492344 23.473526342792617 0.74435266231329522 -0.6677867280106049 -0.6677867280106049 -0.74435266231329522 2.9999999999999969
1 0 0 1 0 
1 0 -10 1 0 
2 -4.6895999999999995e-13 -7.8160000000000002e-13 0.58765911218972067 0.80910862550116802 -0.80910862550116802 0.58765911218972067 26.000000000000899
1 0 0 1 0 
1 0 -10 1 0 
2 13.632785575875062 25.595799164495986 -0.47431531581487585 -0.88035503132738135 -0.88035503132738135 0.47431531581487585 3.0000000000000004
Curves 90
1 28.397167061878573 -5.0597334771466533 0 0.98462832994276017 -0.17466268025577533 0 
6 0 3 35.002764536554217 -6.2314967958851062 0  35.261559391149497 -6.2579044247667248 0  36.039729358506222 -6.2990356376086849 0  37.357953140977784 -6.0414678426784114 0  
6 0 3 37.357953140977784 -6.0414678426784114 0  38.927411665144398 -5.7257493986445365 0  41.171295745687324 -4.9865554700878896 0  43.884676481257685 -3.2999550244950067 0  
2 0.0085976131971179405 0 0 0 -0 1 0.9971836106377503 -0.074998977829432739 -0 0.074998977829432739 0.9971836106377503 0 43.999999999999552
6 0 3 43.884676481257685 3.2999550244950067 0  41.171295745687324 4.9865554700878896 0  38.927411665144398 5.7257493986445365 0  37.357953140977784 6.0414678426784114 0  
6 0 3 37.357953140977784 6.0414678426784114 0  36.039729358506222 6.2990356376086849 0  35.261559391149497 6.2579044247667248 0  35.002764536554217 6.2314967958851062 0  
1 35.002764536554217 6.2314967958851062 0 -0.98462832994276017 -0.17466268025577533 0 
2 27.870885041252276 8.013210620238425 0 0 0 -1 0.17542734020876546 -0.98449238103058889 0 -0.98449238103058889 -0.17542734020876546 -0 3.0000000000000058
2 2.4158000000000002e-13 7.8160000000000005e-14 0 0 0 1 0.96121870993524405 0.27578722173158288 -0 -0.27578722173158288 0.96121870993524405 0 25.999999999999744
2 26.501129111156995 11.77658410833925 0 0 0 -1 -0.91576624685987196 -0.40171156457361806 -0 -0.40171156457361806 0.91576624685987196 0 3.0000000000000004
1 25.005826015499416 14.377366423742995 0 0.8665400674332252 0.49910751500335243 0 
6 0 3 30.819202197225703 17.725739856070948 0  31.034425054142503 17.871860564694714 0  31.656976467424393 18.340550240905465 0  32.501233083538551 19.385196533105056 0  
6 0 3 32.501233083538551 19.385196533105056 0  33.500568160707608 20.635879385998592 0  34.744338393178921 22.644475671902569 0  35.738782758809784 25.680614088197764 0  
2 0.00658615381197336 0.0055264392344813703 0 0 0 1 0.81209537738627946 0.58352471929459537 -0 -0.58352471929459537 0.81209537738627946 0 44.000000000001869
6 0 3 31.49644235427332 30.736438506311664 0  28.333746250804662 30.284321888233308 0  26.139686621469888 29.40823640504555 0  24.734471736351857 28.641262271436648 0  
6 0 3 24.734471736351857 28.641262271436648 0  23.559092345766771 27.991232735302546 0  22.989418200457266 27.459526385019139 0  22.80814433683307 27.272946841673953 0  
1 22.80814433683307 27.272946841673953 0 -0.64199805394711662 -0.76670626626375971 0 
2 16.199544110161305 24.053535042690488 0 -0 0 -1 0.76720464349533068 -0.64140239709499269 -0 -0.64140239709499269 -0.76720464349533068 0 2.9999999999999996
2 2.3270000000000001e-13 4.4764e-13 0 0 0 1 0.55906364232895223 0.82912474563595395 -0 -0.82912474563595395 0.55906364232895223 0 25.999999999999499
2 12.731200342708533 26.055984250471518 0 0 0 -1 -0.44330242822721283 -0.89637210862892036 -0 -0.89637210862892036 0.44330242822721283 0 3.0000000000000049
1 9.913981067668038 27.087136788334043 0 0.34298807685157273 0.93933975703025563 0 
6 0 3 12.214992632535683 33.388905829716599 0  12.285938325087018 33.639183372329896 0  12.461572459131206 34.398388829188818 0  12.436824855341008 35.741312008587222 0  
6 0 3 12.436824855341008 35.741312008587222 0  12.398436496532861 37.341750863679927 0  12.060118966192839 39.679904981695586 0  10.870315391187471 42.644938460788687 0  
2 0.0014929598637203299 0.0084669961323768899 0 0 0 1 0.24701869162098811 0.96901071510580072 -0 -0.96901071510580072 0.24701869162098811 0 44.000000000001116
6 0 3 4.3706728057589235 43.79100081356146 0  2.2385219906568592 41.411717522127233 0  1.1209116973526072 39.330282761384218 0  0.53745611325373321 37.839491771216153 0  
6 0 3 0.53745611325373321 37.839491771216153 0  0.05489419429674669 36.586020948248418 0  -0.039727265152325941 35.812530771079025 0  -0.058660082381087442 35.553081955202124 0  
1 -0.058660082381087442 35.553081955202124 0 0.0010302465039865099 -0.99999946929592975 0 
2 -3.0517435479525892 28.8389430934029 0 0 0 -1 0.99999836756058147 0.00180689683496619 0 0.00180689683496619 -0.99999836756058147 0 2.9999999999999969
2 3.2596000000000001e-13 -1.8189900000000001e-12 0 0 0 1 -0.10468351682335227 0.99450558636213549 0 -0.99450558636213549 -0.10468351682335227 0 26.000000000001837
2 -6.9957985576243988 28.143499781799381 0 0 0 -1 0.23658752333066074 -0.97161018099043417 0 -0.97161018099043417 -0.23658752333066074 -0 3.0000000000000036
1 -9.8167258033517086 27.122534809670878 0 -0.34105184677679951 0.94004448714416411 0 
6 0 3 -12.104747739439265 33.429031689283548 0  -12.211275489271713 33.666358422172571 0  -12.564739797740472 34.360838988786583 0  -13.446911942582613 35.373670374814637 0  
6 0 3 -13.446911942582613 35.373670374814637 0  -14.50506139764255 36.575002104912016 0  -16.267164158367287 38.148665757531354 0  -19.084493358070056 39.655222181878152 0  
2 -0.00429880659845416 0.0074457514404428996 0 0 0 1 -0.43364078526072064 0.90108582796449843 0 -0.90108582796449843 -0.43364078526072064 0 43.999999999999751
6 0 3 -24.800183123187608 36.355267157383146 0  -24.904131587320016 33.162110287443461 0  -24.422350267501834 30.849252706267482 0  -23.911041198395157 29.332202532136225 0  
6 0 3 -23.911041198395157 29.332202532136225 0  -23.474989560765735 28.0618033511779 0  -23.050283901877769 27.40845399740585 0  -22.898016797114938 27.197534893398448 0  
1 -22.898016797114938 27.197534893398448 0 0.64357648316595983 -0.76538180688838897 0 
2 -20.875086483627872 20.130289161560963 0 0 -0 -1 0.76488174170033729 0.64417072365441963 0 0.64417072365441963 -0.76488174170033729 0 3.0000000000000089
2 1.5028e-12 -1.2265700000000001e-12 0 0 0 1 -0.71944809502630902 0.69454621053103094 0 -0.69454621053103094 -0.71944809502630902 0 26.000000000001933
2 -23.449385563204391 17.062358985063646 0 -0 0 -1 0.80577554334468338 -0.59222105142216974 -0 -0.59222105142216974 -0.80577554334468338 0 2.9999999999999929
1 -24.954077570228563 14.466997360164809 0 -0.86550982092923867 0.50089195429257738 0 
6 0 3 -30.760542114844611 17.82734209913118 0  -30.99469778899018 17.940670206384311 0  -31.711870661721136 18.245470707342953 0  -33.038689196792284 18.454295238111108 0  
6 0 3 -33.038689196792284 18.454295238111108 0  -34.621479858060212 18.694403375385626 0  -36.982860383835785 18.767241850224675 0  -40.109455564568705 18.110386725363703 0  
2 -0.0080791136762776699 0.0029405568974425499 0 0 0 1 -0.91139491933844241 0.4115328674651324 0 -0.4115328674651324 -0.91139491933844241 0 44.000000000001059
6 0 3 -42.366757745460788 11.908499954477024 0  -40.393865216997497 9.3955830934622853 0  -38.538123118002744 7.9335144586343791 0  -37.171296591692858 7.10004973715058 0  
6 0 3 -37.171296591692858 7.10004973715058 0  -36.020664804897976 6.4071560938862744 0  -35.275356525544282 6.1796569873107607 0  -35.02313696936875 6.1159589880426468 0  
1 -35.02313696936875 6.1159589880426468 0 0.98498613079869013 -0.17263349076649603 0 
2 -28.930744452869828 2.0024492077810292 0 0 0 -1 0.17186844818483257 0.98511990971583641 0 0.98511990971583641 -0.17186844818483257 0 2.9999999999999987
2 -4.4408999999999998e-13 3.5500000000000001e-15 0 0 0 1 -0.9975749137915233 0.069600943771151919 0 -0.069600943771151919 -0.9975749137915233 0 25.999999999999556
2 -28.930744452869838 -2.0024492077810105 0 0 0 -1 0.99793223143007592 0.064274889910364952 0 0.064274889910364952 -0.99793223143007592 0 3.0000000000000084
1 -28.41513910831533 -4.9578089369285259 0 -0.98498613079869002 -0.17263349076649648 0 
6 0 3 -35.023136969368757 -6.1159589880426388 0  -35.275356525544282 -6.1796569873107527 0  -36.020664804897976 -6.4071560938862664 0  -37.171296591692858 -7.1000497371505711 0  
6 0 3 -37.171296591692858 -7.1000497371505711 0  -38.538123118002751 -7.9335144586343693 0  -40.393865216997497 -9.3955830934622746 0  -42.366757745460795 -11.908499954477016 0  
2 -0.0080791136752793608 -0.0029405568970686199 0 0 0 1 -0.96269724163144255 -0.27058089539953117 0 0.27058089539953117 -0.96269724163144255 0 44.000000000002125
6 0 3 -40.109455564568712 -18.110386725363693 0  -36.982860383835785 -18.767241850224668 0  -34.621479858060219 -18.694403375385615 0  -33.038689196792284 -18.454295238111101 0  
6 0 3 -33.038689196792284 -18.454295238111101 0  -31.711870661721139 -18.245470707342946 0  -30.99469778899018 -17.940670206384304 0  -30.760542114844618 -17.827342099131172 0  
1 -30.760542114844618 -17.827342099131172 0 0.86550982092923889 0.50089195429257682 0 
2 -23.449385563204402 -17.062358985063657 0 0 0 -1 -0.50156400234138754 0.86512054163294994 0 0.86512054163294994 0.50156400234138754 0 3.0000000000000036
2 6.6791000000000003e-13 5.6222e-13 0 0 0 1 -0.8089253435834739 -0.5879113781075842 0 0.5879113781075842 -0.8089253435834739 0 26.000000000000867
2 -20.875086483627868 -20.130289161560956 0 0 -0 -1 0.72314533764798095 0.69069589591801372 0 0.69069589591801372 -0.72314533764798095 0 3.0000000000000018
1 -18.580441258526861 -22.062801332524224 0 -0.64357648316596183 -0.76538180688838731 0 
6 0 3 -22.898016797114956 -27.19753489339843 0  -23.050283901877791 -27.408453997405832 0  -23.474989560765756 -28.061803351177883 0  -23.911041198395182 -29.332202532136208 0  
6 0 3 -23.911041198395182 -29.332202532136208 0  -24.422350267501855 -30.849252706267464 0  -24.904131587320045 -33.162110287443447 0  -24.800183123187637 -36.355267157383132 0  
2 -0.0042988065984825904 -0.0074457514404286896 0 0 0 1 -0.56354282537702938 -0.82608685013506611 0 0.82608685013506611 -0.56354282537702938 0 43.999999999999751
6 0 3 -19.084493358070084 -39.655222181878138 0  -16.267164158367315 -38.14866575753134 0  -14.505061397642578 -36.575002104912002 0  -13.446911942582638 -35.373670374814623 0  
6 0 3 -13.446911942582638 -35.373670374814623 0  -12.564739797740501 -34.360838988786575 0  -12.211275489271737 -33.666358422172564 0  -12.10474773943929 -33.429031689283541 0  
1 -12.10474773943929 -33.429031689283541 0 0.34105184677680034 0.94004448714416378 0 
2 -6.9957985576244202 -28.143499781799378 0 0 0 -1 -0.94030908190910212 0.34032165737616754 0 0.34032165737616754 0.94030908190910212 0 3.0000000000000018
2 3.1264000000000002e-13 1.8189900000000001e-12 0 0 0 1 -0.24177061490893451 -0.97033343226261959 0 0.97033343226261959 -0.24177061490893451 0 26.000000000001837
2 -3.0517435479526149 -28.838943093402907 0 0 0 -1 0.1099907035151918 0.99393261599578941 0 0.99393261599578941 -0.1099907035151918 0 3.0000000000000053
1 -0.051748445270865417 -28.844363783907799 0 -0.0010302465039861101 -0.99999946929592975 0 
6 0 3 -0.058660082381103429 -35.553081955202124 0  -0.039727265152341928 -35.812530771079018 0  0.054894194296729808 -36.586020948248411 0  0.53745611325371634 -37.83949177121616 0  
6 0 3 0.53745611325371634 -37.83949177121616 0  1.1209116973525886 -39.330282761384218 0  2.2385219906568414 -41.41171752212724 0  4.3706728057589039 -43.791000813561467 0  
2 0.0014929598630697401 -0.0084669961288135198 0 0 0 1 0.099299541952167392 -0.99505758675972611 0 0.99505758675972611 0.099299541952167392 -0 44.000000000004725
6 0 3 10.870315391187452 -42.644938460788694 0  12.060118966192821 -39.679904981695593 0  12.398436496532845 -37.341750863679927 0  12.436824855340994 -35.741312008587229 0  
6 0 3 12.436824855340994 -35.741312008587229 0  12.46157245913119 -34.398388829188825 0  12.285938325087004 -33.639183372329903 0  12.214992632535669 -33.388905829716599 0  
1 12.214992632535669 -33.388905829716599 0 -0.34298807685157284 0.93933975703025563 0 
2 12.731200342708519 -26.055984250471521 0 0 0 -1 -0.93907309168016373 -0.34371751262084255 -0 -0.34371751262084255 0.93907309168016373 0 3.0000000000000018
2 -9.0861e-13 1.54365e-12 0 0 0 1 0.43851127146257729 -0.89872568940710373 0 0.89872568940710373 0.43851127146257729 -0 26.000000000001787
2 16.199544110161295 -24.053535042690495 0 0 0 -1 -0.55462980320286381 0.83209721871855369 0 0.83209721871855369 0.55462980320286381 0 2.9999999999999969
1 18.501158040647287 -22.12932785140552 0 0.64199805394711695 -0.76670626626375948 0 
6 0 3 22.808144336833063 -27.272946841673964 0  22.989418200457255 -27.459526385019149 0  23.559092345766757 -27.99123273530256 0  24.734471736351843 -28.641262271436659 0  
6 0 3 24.734471736351843 -28.641262271436659 0  26.139686621469878 -29.40823640504556 0  28.333746250804651 -30.284321888233322 0  31.496442354273313 -30.736438506311679 0  
2 0.0065861538112059704 -0.0055264392338596497 0 0 0 1 0.7156785500104561 -0.69842981970626883 0 0.69842981970626883 0.7156785500104561 -0 44.000000000002849
6 0 3 35.738782758809776 -25.680614088197778 0  34.744338393178921 -22.644475671902583 0  33.500568160707601 -20.63587938599861 0  32.501233083538544 -19.385196533105066 0  
6 0 3 32.501233083538544 -19.385196533105066 0  31.656976467424386 -18.340550240905479 0  31.034425054142499 -17.871860564694725 0  30.819202197225696 -17.725739856070959 0  
1 30.819202197225696 -17.725739856070959 0 -0.8665400674332252 0.49910751500335243 0 
2 26.501129111156988 -11.776584108339261 0 0 0 -1 -0.4984343652191931 -0.86692743846791476 -0 -0.86692743846791476 0.4984343652191931 0 3
2 -8.4377000000000005e-13 3.0909e-13 0 0 0 1 0.91360886040682321 -0.40659420825455184 0 0.40659420825455184 0.91360886040682321 -0 26.000000000000895
2 27.870885041252265 -8.0132106202384303 0 0 0 -1 -0.95973286097864297 0.28091428507242011 0 0.28091428507242011 0.95973286097864297 0 2.9999999999999996
Polygon3D 0
PolygonOnTriangulations 0
Surfaces 73
1 75 35.000000000000014 0 0 0 1 1 0 -0 -0 1 0 
6 -0 -0 -1 
6 0 3 88.372807597966343 67.942269115322901 0  88.452444632591806 68.18991822665626 0  88.654467663405185 68.942531653181987 0  88.676602478257678 70.285500438980961 0  
6 -0 -0 -1 
6 0 3 88.676602478257678 70.285500438980961 0  88.694092015146367 71.886304084367183 0  88.437580980636426 74.234840973603454 0  87.351980377947939 77.239591780356136 0  
2 75.001787544296818 35.008409734720793 0 -0 0 -1 0.28068620076480111 0.95979959194626763 0 -0.95979959194626763 0.28068620076480111 0 43.999999999999552
6 -0 -0 -1 
6 0 3 80.896294198469434 78.61179023788678 0  78.682406442651413 76.308367331888505 0  77.492835941772 74.267204561709093 0  76.857707927805023 72.797684027365733 0  
6 -0 -0 -1 
6 0 3 76.857707927805023 72.797684027365733 0  76.331694471677835 71.561817953055083 0  76.210136235177742 70.792101206514644 0  76.182160318215523 70.53347118563876 0  
2 72.956580091153327 63.927879502361222 0 0 0 -1 0.99945225536424886 -0.033093643608955253 0 -0.033093643608955253 -0.99945225536424886 -0 3.0000000000000058
2 74.999999999999986 35.000000000000249 0 -0 -0 -1 -0.069912002021487119 0.99755316247974857 0 -0.99755316247974857 -0.069912002021487119 0 25.999999999999744
2 68.990657071668522 63.370505370837392 0 -0 0 -1 0.20253469429623747 -0.97927508781053429 -0 -0.97927508781053429 -0.20253469429623747 0 3.0000000000000004
6 -0 -0 -1 
6 0 3 64.069282527032243 68.831117230217814 0  63.971102254558588 69.072017154927508 0  63.642090289240763 69.778410389212439 0  62.795802845450638 70.821412149585854 0  
6 -0 -0 -1 
6 0 3 62.795802845450638 70.821412149585854 0  61.780223859201634 72.058940944269779 0  60.074114593323735 73.693142462998296 0  57.311079695411365 75.297104504992063 0  
2 74.995963665097236 35.007591241874678 0 -0 -0 -1 -0.40192918112920745 0.91567075597990177 0 -0.91567075597990177 -0.40192918112920745 0 44.000000000001869
6 -0 -0 -1 
6 0 3 51.483705004570183 72.198634420046417 0  51.268380295380503 69.011050484076918 0  51.669150561508346 66.682787907665741 0  52.127203867395608 65.148817450340005 0  
6 -0 -0 -1 
6 0 3 52.127203867395608 65.148817450340005 0  52.51865358212239 63.863974179548109 0  52.920298958180574 63.196200814807568 0  53.0651123353625 62.980096151698916 0  
2 54.840167015246323 55.846556345205741 0 0 0 -1 0.78689703045572967 0.61708432443220806 0 0.61708432443220806 -0.78689703045572967 0 2.9999999999999996
2 74.999999999999631 35.000000000000313 0 -0 -0 -1 -0.69477051350148722 0.71923148816558347 0 -0.71923148816558347 -0.69477051350148722 0 25.999999999999499
2 52.160366910035656 52.870336811118207 0 -0 0 -1 0.78461647002374191 -0.61998144727683802 -0 -0.61998144727683802 -0.78461647002374191 0 3.0000000000000049
6 -0 -0 -1 
6 0 3 44.880361643092733 53.890009602107227 0  44.650303704162567 54.011440588117154 0  43.944205097846435 54.341084385153053 0  42.625482695800365 54.596087004748838 0  
6 -0 -0 -1 
6 0 3 42.625482695800365 54.596087004748838 0  41.052035880982757 54.891287472097304 0  38.694635870533588 55.04649256757817 0  35.547021413842884 54.499154179311674 0  
2 74.992028431857293 35.003220722590711 0 -0 -0 -1 -0.89647743222757759 0.44308939674364711 0 -0.44308939674364711 -0.89647743222757759 0 44.000000000001116
6 -0 -0 -1 
6 0 3 33.074651593539294 48.379824140295042 0  34.958642755475381 45.799585124043794 0  36.762228927023877 44.273642676659897 0  38.099135320245288 43.392984121517117 0  
6 -0 -0 -1 
6 0 3 38.099135320245288 43.392984121517117 0  39.224884533826398 42.660356100089885 0  39.961799187194096 42.406984695985628 0  40.211642069915342 42.334523164248552 0  
2 46.156763844492204 38.010897790461861 0 0 0 -1 0.20614393961062472 0.97852167894319597 0 0.97852167894319597 -0.20614393961062472 0 2.9999999999999969
2 75.000000000001862 34.999999999999936 0 -0 -0 -1 -0.99453818019998186 0.10437340717112052 0 -0.10437340717112052 -0.99453818019998186 0 26.000000000001837
2 46.016994905444434 34.008439050805841 0 0 0 -1 0.99956747938639556 0.029408402763967969 0 0.029408402763967969 -0.99956747938639556 0 3.0000000000000036
6 -0 -0 -1 
6 0 3 39.784754288843679 30.110056542098945 0  39.530465349891621 30.055199681499978 0  38.777671487884398 29.85385004507102 0  37.603558995466706 29.201534964141874 0  
6 -0 -0 -1 
6 0 3 37.603558995466706 29.201534964141874 0  36.208477603647154 28.416279524694787 0  34.30284051309863 27.019866007840008 0  32.243450283753262 24.577332904171755 0  
2 74.991823183944504 34.99734319141109 0 -0 -0 -1 -0.97155392954980635 -0.2368184156190771 0 0.2368184156190771 -0.97155392954980635 -0 43.999999999999751
6 -0 -0 -1 
6 0 3 34.282934650237166 18.30044544511793 0  37.384701280399653 17.534873860451345 0  39.747185343073738 17.525256972186895 0  41.337391464181451 17.709980244608019 0  
6 -0 -0 -1 
6 0 3 41.337391464181451 17.709980244608019 0  42.67068960827342 17.87237226602474 0  43.398062982745799 18.151958118446636 0  43.63603110948673 18.257045274101138 0  
2 50.969431427763389 18.766406697159269 0 0 0 -1 -0.47106619161297947 0.88209786481956975 0 0.88209786481956975 0.47106619161297947 0 3.0000000000000089
2 75.000000000001521 35.000000000001208 0 -0 -0 -1 -0.82895037932222082 -0.55932215101991645 0 0.55932215101991645 -0.82895037932222082 -0 26.000000000001933
2 53.435093094817724 15.610503678593865 0 0 0 -1 0.74680975618903944 0.66503773431352575 0 0.66503773431352575 -0.74680975618903944 0 2.9999999999999929
6 -0 -0 -1 
6 0 3 51.166751776705823 8.6181623717105573 0  51.007216458374302 8.4126857992430395 0  50.559967955081014 7.7745564619862932 0  50.079845656300797 6.5201491565735452 0  
6 -0 -0 -1 
6 0 3 50.079845656300797 6.5201491565735452 0  49.515903775314285 5.0218675575902942 0  48.953698378131236 2.7272328323437591 0  48.94614395201485 -0.4676066017881837 0  
2 74.995443959141213 34.99270881049798 0 -0 -0 -1 -0.59202954561649401 -0.80591625937012068 0 0.80591625937012068 -0.59202954561649401 -0 44.000000000001059
6 -0 -0 -1 
6 0 3 54.543185103864495 -3.9650260789543097 0  57.411376123704116 -2.5577107791903231 0  59.227325528492884 -1.046502259436572 0  60.326756260248189 0.11716876841211388 0  
6 -0 -0 -1 
6 0 3 60.326756260248189 0.11716876841211388 0  61.243738315272054 1.0985958010656205 0  61.621224325078877 1.7803175824148312 0  61.735969764616286 2.013781977416528 0  
2 67.026269116004997 7.1177943265489567 0 0 0 -1 -0.92785921646331526 0.37293065632109501 0 0.37293065632109501 0.92785921646331526 0 2.9999999999999987
2 74.999999999999915 34.999999999999559 0 -0 -0 -1 -0.27548748320233762 -0.96130465857543934 0 0.96130465857543934 -0.27548748320233762 -0 25.999999999999556
2 70.943650892369618 6.2851291254160735 0 0 0 -1 0.14461144820491437 0.98948851890665079 0 0.98948851890665079 -0.14461144820491437 0 3.0000000000000084
6 -0 -0 -1 
6 0 3 73.700590985296813 -0.52937677093552082 0  73.7104576360707 -0.78932828339629424 0  73.77802703679572 -1.5656495125608032 0  74.216549491217222 -2.8351979230702256 0  
6 -0 -0 -1 
6 0 3 74.216549491217222 -2.8351979230702256 0  74.747621794693217 -4.3454430698802184 0  75.79191024443459 -6.4646139135513252 0  77.839726421485153 -8.9168588002313882 0  
2 75.001196556489163 34.991486058186048 0 0 -0 -1 0.064512042386269286 -0.9979169286003482 0 0.9979169286003482 0.064512042386269286 -0 44.000000000002125
6 -0 -0 -1 
